#Res        AtomicFlx
   1.000       2.0219
   2.000       1.3299
   3.000       1.2060
   4.000       1.0419
   5.000       1.2317
   6.000       1.6784
   7.000       2.5864
   8.000       2.9581
   9.000       1.7696
  10.000       1.2707
  11.000       0.9479
  12.000       0.9938
  13.000       0.8857
  14.000       1.0918
  15.000       1.2117
  16.000       1.0906
  17.000       1.1708
  18.000       1.2076
  19.000       1.1577
  20.000       1.0038
  21.000       1.0436
  22.000       0.9680
  23.000       0.9922
  24.000       0.9894
  25.000       1.2088
  26.000       1.2600
  27.000       1.0658
  28.000       0.7957
  29.000       0.6937
  30.000       0.6467
  31.000       0.7493
  32.000       1.0244
  33.000       1.3024
  34.000       1.2157
  35.000       0.9187
  36.000       0.9902
  37.000       0.9469
  38.000       1.0630
  39.000       1.2280
  40.000       1.4375
  41.000       1.4053
  42.000       1.2174
  43.000       1.2215
  44.000       1.1553
  45.000       0.8568
  46.000       0.7166
  47.000       0.6094
  48.000       0.5391
  49.000       0.6117
  50.000       0.6417
  51.000       0.5997
  52.000       0.7560
  53.000       0.8011
  54.000       1.1176
  55.000       1.0903
  56.000       1.3698
  57.000       1.3516
  58.000       1.4520
  59.000       1.8074
  60.000       1.5395
  61.000       1.4120
  62.000       2.0451
  63.000       2.1423
  64.000       1.2483
  65.000       1.2132
  66.000       1.2717
  67.000       1.0934
  68.000       0.9257
  69.000       1.1940
  70.000       1.2044
  71.000       1.1120
  72.000       1.3075
  73.000       1.3837
  74.000       1.3484
  75.000       1.6343
  76.000       1.8273
  77.000       1.1655
  78.000       0.7794
  79.000       0.5340
  80.000       0.5106
  81.000       0.5814
  82.000       0.6330
  83.000       0.6665
  84.000       0.7561
  85.000       0.6565
  86.000       0.6818
  87.000       0.7150
  88.000       0.8714
  89.000       0.9666
  90.000       0.7783
  91.000       0.7208
  92.000       0.8225
  93.000       0.8242
  94.000       0.7841
  95.000       0.9163
  96.000       1.0168
  97.000       0.9714
  98.000       0.9650
  99.000       0.8576
 100.000       0.9486
 101.000       0.7734
 102.000       0.7266
 103.000       0.6008
 104.000       0.5915
 105.000       0.5232
 106.000       0.5332
 107.000       0.7619
 108.000       0.7490
 109.000       0.9238
 110.000       0.9228
 111.000       0.7130
 112.000       0.7731
 113.000       0.7816
 114.000       0.6703
 115.000       0.6920
 116.000       0.7851
 117.000       0.7428
 118.000       0.6824
 119.000       0.5685
 120.000       0.5700
 121.000       0.7299
 122.000       0.9375
 123.000       1.0365
 124.000       0.9309
 125.000       0.8230
 126.000       0.6618
 127.000       0.6659
 128.000       0.5557
 129.000       0.6254
 130.000       0.5895
 131.000       0.6176
 132.000       0.5785
 133.000       0.5255
 134.000       0.5676
 135.000       0.6586
 136.000       0.8615
 137.000       0.9219
 138.000       0.7525
 139.000       0.6323
 140.000       0.6105
 141.000       0.6668
 142.000       0.6691
 143.000       0.7925
 144.000       1.0359
 145.000       1.2845
 146.000       1.3150
 147.000       1.7157
 148.000       1.3512
 149.000       1.6722
 150.000       1.5939
 151.000       1.1830
 152.000       0.9087
 153.000       0.8090
 154.000       0.9587
 155.000       1.1347
 156.000       0.9745
 157.000       0.8566
 158.000       0.7707
 159.000       0.7262
 160.000       0.7711
 161.000       0.7514
 162.000       0.6781
 163.000       0.8404
 164.000       1.0289
 165.000       1.1038
 166.000       1.6537
 167.000       2.9263
