#Res        AtomicFlx
   1.000       3.0131
   2.000       2.1326
   3.000       1.5197
   4.000       1.1862
   5.000       1.1360
   6.000       1.2944
   7.000       2.3650
   8.000       3.1440
   9.000       1.6586
  10.000       1.0740
  11.000       0.8891
  12.000       0.9172
  13.000       0.8765
  14.000       1.0104
  15.000       1.0993
  16.000       1.1660
  17.000       1.0737
  18.000       0.9333
  19.000       0.9379
  20.000       0.8250
  21.000       0.8273
  22.000       0.7253
  23.000       0.6682
  24.000       0.5774
  25.000       0.6129
  26.000       0.6387
  27.000       0.5608
  28.000       0.5705
  29.000       0.5534
  30.000       0.5490
  31.000       0.6923
  32.000       1.0203
  33.000       1.1221
  34.000       1.0839
  35.000       0.8827
  36.000       0.8755
  37.000       0.7383
  38.000       0.7368
  39.000       0.6828
  40.000       0.7086
  41.000       0.8110
  42.000       0.9154
  43.000       0.9505
  44.000       0.9184
  45.000       0.6924
  46.000       0.6066
  47.000       0.5049
  48.000       0.4078
  49.000       0.4281
  50.000       0.4575
  51.000       0.4810
  52.000       0.5833
  53.000       0.5518
  54.000       0.7827
  55.000       0.9089
  56.000       1.0378
  57.000       0.9639
  58.000       1.0506
  59.000       0.7851
  60.000       0.7432
  61.000       1.0399
  62.000       1.3451
  63.000       1.2491
  64.000       0.6921
  65.000       0.8521
  66.000       0.8109
  67.000       0.5960
  68.000       0.6340
  69.000       0.7652
  70.000       0.7993
  71.000       1.1476
  72.000       1.2747
  73.000       1.0932
  74.000       1.1235
  75.000       1.0920
  76.000       1.2578
  77.000       0.8094
  78.000       0.5724
  79.000       0.4601
  80.000       0.5064
  81.000       0.4891
  82.000       0.4663
  83.000       0.5054
  84.000       0.6113
  85.000       0.6793
  86.000       0.7368
  87.000       0.7847
  88.000       0.8923
  89.000       0.8835
  90.000       0.9913
  91.000       1.2868
  92.000       1.2862
  93.000       1.3454
  94.000       1.1471
  95.000       1.3899
  96.000       1.5597
  97.000       1.2618
  98.000       1.1730
  99.000       0.9197
 100.000       0.9442
 101.000       0.7835
 102.000       0.6451
 103.000       0.5930
 104.000       0.5665
 105.000       0.4572
 106.000       0.4506
 107.000       0.5172
 108.000       0.5947
 109.000       0.7414
 110.000       0.7635
 111.000       0.7334
 112.000       0.5375
 113.000       0.4574
 114.000       0.5417
 115.000       0.6259
 116.000       0.5503
 117.000       0.5412
 118.000       0.7015
 119.000       0.5593
 120.000       0.4871
 121.000       0.6561
 122.000       1.0449
 123.000       1.2099
 124.000       0.9790
 125.000       0.8670
 126.000       0.6339
 127.000       0.6133
 128.000       0.4723
 129.000       0.4418
 130.000       0.4319
 131.000       0.4259
 132.000       0.4221
 133.000       0.4115
 134.000       0.4641
 135.000       0.5384
 136.000       0.7184
 137.000       0.8213
 138.000       0.6185
 139.000       0.5196
 140.000       0.5642
 141.000       0.5165
 142.000       0.4672
 143.000       0.5482
 144.000       0.5800
 145.000       0.6711
 146.000       0.7100
 147.000       0.9569
 148.000       0.8548
 149.000       1.1953
 150.000       1.2310
 151.000       0.8184
 152.000       0.7759
 153.000       0.7501
 154.000       0.7729
 155.000       0.9127
 156.000       0.8047
 157.000       0.6931
 158.000       0.6303
 159.000       0.6794
 160.000       0.7269
 161.000       0.6942
 162.000       0.6965
 163.000       0.8197
 164.000       0.9259
 165.000       1.0365
 166.000       1.7258
 167.000       2.7537
