#Res        AtomicFlx
   1.000       3.9086
   2.000       2.8903
   3.000       1.9429
   4.000       1.3975
   5.000       1.2189
   6.000       1.4005
   7.000       2.6804
   8.000       3.4047
   9.000       1.8459
  10.000       1.1823
  11.000       1.0009
  12.000       0.9162
  13.000       0.8841
  14.000       0.7052
  15.000       0.8546
  16.000       0.9056
  17.000       0.8812
  18.000       0.9438
  19.000       1.0385
  20.000       0.8516
  21.000       0.9220
  22.000       0.9168
  23.000       0.9413
  24.000       0.9119
  25.000       1.0827
  26.000       1.4235
  27.000       1.0819
  28.000       1.1668
  29.000       1.1161
  30.000       1.0879
  31.000       1.1977
  32.000       1.8132
  33.000       2.3492
  34.000       2.2927
  35.000       1.5609
  36.000       1.4284
  37.000       1.2115
  38.000       1.4862
  39.000       1.7073
  40.000       2.1597
  41.000       1.8339
  42.000       1.3505
  43.000       1.3909
  44.000       1.2141
  45.000       0.7619
  46.000       0.6099
  47.000       0.5690
  48.000       0.4825
  49.000       0.4703
  50.000       0.4756
  51.000       0.7314
  52.000       1.2194
  53.000       2.1433
  54.000       2.5182
  55.000       2.2079
  56.000       2.3831
  57.000       2.0610
  58.000       1.6392
  59.000       1.4962
  60.000       1.0947
  61.000       0.9074
  62.000       1.1687
  63.000       0.8990
  64.000       0.6516
  65.000       0.7649
  66.000       0.7030
  67.000       0.6031
  68.000       0.6579
  69.000       0.7409
  70.000       0.7375
  71.000       0.8289
  72.000       0.9879
  73.000       1.0274
  74.000       1.0086
  75.000       1.0937
  76.000       1.2123
  77.000       0.8594
  78.000       0.6272
  79.000       0.5232
  80.000       0.5200
  81.000       0.5354
  82.000       0.7158
  83.000       0.8515
  84.000       1.0648
  85.000       1.3096
  86.000       1.3444
  87.000       1.1820
  88.000       1.1944
  89.000       1.0751
  90.000       0.8295
  91.000       0.8436
  92.000       0.8830
  93.000       0.7960
  94.000       0.7528
  95.000       0.9373
  96.000       1.0398
  97.000       0.9939
  98.000       1.0003
  99.000       0.8022
 100.000       0.8918
 101.000       0.8218
 102.000       0.6235
 103.000       0.5881
 104.000       0.6717
 105.000       0.6678
 106.000       0.7530
 107.000       0.9469
 108.000       1.0149
 109.000       1.3148
 110.000       0.9957
 111.000       0.8599
 112.000       0.8748
 113.000       0.8282
 114.000       0.7469
 115.000       0.7063
 116.000       0.8264
 117.000       0.7978
 118.000       0.6920
 119.000       0.6297
 120.000       0.5933
 121.000       0.7948
 122.000       1.1858
 123.000       1.3561
 124.000       1.3000
 125.000       1.2447
 126.000       0.9791
 127.000       0.8451
 128.000       0.5711
 129.000       0.4693
 130.000       0.4244
 131.000       0.4240
 132.000       0.4842
 133.000       0.4646
 134.000       0.5316
 135.000       0.5974
 136.000       0.8087
 137.000       0.8882
 138.000       0.7450
 139.000       0.5928
 140.000       0.5829
 141.000       0.5521
 142.000       0.5091
 143.000       0.5879
 144.000       0.5495
 145.000       0.6323
 146.000       0.7413
 147.000       1.0450
 148.000       0.9020
 149.000       1.1275
 150.000       1.0932
 151.000       0.7792
 152.000       0.6740
 153.000       0.6441
 154.000       0.6686
 155.000       0.8019
 156.000       0.7605
 157.000       0.6706
 158.000       0.5978
 159.000       0.6427
 160.000       0.6930
 161.000       0.6517
 162.000       0.6311
 163.000       0.7537
 164.000       0.8602
 165.000       0.8969
 166.000       1.2212
 167.000       2.5348
