#Res        AtomicFlx
   1.000       2.39207
   2.000       1.709
   3.000       1.7481
   4.000       1.3642
   5.000       1.468
   6.000       1.8033
   7.000       2.6012
   8.000       2.9398
   9.000       2.089
  10.000       1.768
  11.000       1.1748
  12.000       1.1872
  13.000       0.9517
  14.000       1.1282
  15.000       0.9135
  16.000       0.8107
  17.000       0.7192
  18.000       0.7358
  19.000       0.9284
  20.000       0.8239
  21.000       0.8447
  22.000       0.7579
  23.000       0.7221
  24.000       0.6726
  25.000       0.7151
  26.000       0.8023
  27.000       0.6428
  28.000       0.6375
  29.000       0.5116
  30.000       0.5009
  31.000       0.6094
  32.000       0.8304
  33.000       0.9602
  34.000       0.9125
  35.000       0.8013
  36.000       0.7537
  37.000       0.6475
  38.000       0.6959
  39.000       0.819
  40.000       0.8619
  41.000       0.8657
  42.000       0.9854
  43.000       1.2641
  44.000       0.9251
  45.000       0.7339
  46.000       0.6135
  47.000       0.5373
  48.000       0.4922
  49.000       0.5101
  50.000       0.5132
  51.000       0.4274
  52.000       0.4914
  53.000       0.5308
  54.000       0.5408
  55.000       0.6501
  56.000       0.8496
  57.000       1.0437
  58.000       1.0067
  59.000       0.6433
  60.000       0.5583
  61.000       0.6804
  62.000       0.8126
  63.000       0.8286
  64.000       0.9038
  65.000       0.8665
  66.000       0.9936
  67.000       1.041
  68.000       1.0896
  69.000       1.0608
  70.000       1.1102
  71.000       1.3359
  72.000       1.4645
  73.000       1.3342
  74.000       1.2593
  75.000       1.6884
  76.000       1.1688
  77.000       0.879
  78.000       0.7093
  79.000       0.5464
  80.000       0.4858
  81.000       0.4653
  82.000       0.4303
  83.000       0.4169
  84.000       0.5254
  85.000       0.5195
  86.000       0.575
  87.000       0.8621
  88.000       1.0875
  89.000       0.9136
  90.000       0.9542
  91.000       1.0626
  92.000       1.2824
  93.000       1.2122
  94.000       1.8898
  95.000       1.789
  96.000       1.2567
  97.000       1.4611
  98.000       1.6
  99.000       1.346
 100.000       1.0967
 101.000       0.8845
 102.000       0.75
 103.000       0.5471
 104.000       0.6225
 105.000       0.4531
 106.000       0.3972
 107.000       0.488
 108.000       0.6177
 109.000       0.8281
 110.000       1.035
 111.000       0.8677
 112.000       0.6424
 113.000       0.4839
 114.000       0.5433
 115.000       0.5819
 116.000       0.5514
 117.000       0.5255
 118.000       0.6453
 119.000       0.4978
 120.000       0.5103
 121.000       0.6266
 122.000       0.9799
 123.000       1.0845
 124.000       0.9787
 125.000       0.8697
 126.000       0.5815
 127.000       0.5007
 128.000       0.4944
 129.000       0.5037
 130.000       0.456
 131.000       0.436
 132.000       0.4532
 133.000       0.4502
 134.000       0.5385
 135.000       0.653
 136.000       0.8556
 137.000       0.9306
 138.000       0.7254
 139.000       0.6188
 140.000       0.6285
 141.000       0.5672
 142.000       0.4926
 143.000       0.5612
 144.000       0.5836
 145.000       0.6283
 146.000       0.8468
 147.000       1.2552
 148.000       1.143
 149.000       1.5281
 150.000       1.79
 151.000       1.4414
 152.000       1.1382
 153.000       1.0798
 154.000       1.1082
 155.000       0.8771
 156.000       0.7323
 157.000       0.6496
 158.000       0.5905
 159.000       0.6118
 160.000       0.6491
 161.000       0.6558
 162.000       0.6593
 163.000       0.7797
 164.000       0.9195
 165.000       0.9673
 166.000       1.4523
 167.000       2.5893

