#Res        AtomicFlx
   1.000       3.3103
   2.000       2.4168
   3.000       2.0036
   4.000       1.3031
   5.000       1.1653
   6.000       1.3792
   7.000       1.8399
   8.000       1.9327
   9.000       1.5839
  10.000       1.5528
  11.000       1.4915
  12.000       1.547
  13.000       1.2855
  14.000       1.2847
  15.000       1.5199
  16.000       1.3113
  17.000       1.0555
  18.000       1.1299
  19.000       1.4168
  20.000       1.247
  21.000       1.1395
  22.000       1.094
  23.000       1.1053
  24.000       1.0179
  25.000       1.1544
  26.000       1.3702
  27.000       1.0779
  28.000       1.0396
  29.000       0.9618
  30.000       0.9651
  31.000       1.3792
  32.000       2.0223
  33.000       1.9781
  34.000       1.7215
  35.000       1.3703
  36.000       1.4007
  37.000       1.2485
  38.000       1.2542
  39.000       1.312
  40.000       1.6327
  41.000       1.5826
  42.000       1.3703
  43.000       1.1892
  44.000       1.1759
  45.000       0.8662
  46.000       0.7301
  47.000       0.5989
  48.000       0.5188
  49.000       0.6466
  50.000       0.7655
  51.000       0.737
  52.000       1.0265
  53.000       0.976
  54.000       1.3341
  55.000       1.4038
  56.000       1.4805
  57.000       1.3166
  58.000       1.6006
  59.000       1.3217
  60.000       1.3857
  61.000       1.3917
  62.000       1.2696
  63.000       0.8142
  64.000       0.6158
  65.000       0.6495
  66.000       0.6699
  67.000       0.581
  68.000       0.5608
  69.000       0.7136
  70.000       0.7146
  71.000       0.7484
  72.000       0.9373
  73.000       1.072
  74.000       1.322
  75.000       1.3347
  76.000       1.4334
  77.000       1.072
  78.000       0.7101
  79.000       0.5503
  80.000       0.5499
  81.000       0.5592
  82.000       0.6953
  83.000       0.8029
  84.000       1.1224
  85.000       1.0927
  86.000       1.4537
  87.000       1.7545
  88.000       1.1269
  89.000       0.9572
  90.000       0.7396
  91.000       0.8874
  92.000       1.0051
  93.000       1.28466
  94.000       1.57477
  95.000       1.8668
  96.000       1.4789
  97.000       0.9899
  98.000       0.8789
  99.000       0.7269
 100.000       0.7874
 101.000       0.6625
 102.000       0.6046
 103.000       0.5802
 104.000       0.6479
 105.000       0.5851
 106.000       0.8139
 107.000       0.8713
 108.000       1.2533
 109.000       1.6835
 110.000       1.7866
 111.000       1.6334
 112.000       1.2185
 113.000       1.0587
 114.000       0.8453
 115.000       1.1526
 116.000       1.4244
 117.000       1.2736
 118.000       1.0356
 119.000       0.9444
 120.000       0.7786
 121.000       0.967
 122.000       1.5863
 123.000       1.7974
 124.000       1.4634
 125.000       1.2974
 126.000       0.8922
 127.000       0.7372
 128.000       0.6282
 129.000       0.7445
 130.000       0.6043
 131.000       0.5257
 132.000       0.5623
 133.000       0.5054
 134.000       0.547
 135.000       0.6513
 136.000       0.9206
 137.000       0.9519
 138.000       0.7742
 139.000       0.642
 140.000       0.7424
 141.000       0.7765
 142.000       0.6441
 143.000       0.6898
 144.000       0.7083
 145.000       0.9164
 146.000       0.913
 147.000       1.1423
 148.000       1.1652
 149.000       1.2515
 150.000       1.47
 151.000       1.1759
 152.000       0.9955
 153.000       0.7794
 154.000       0.881
 155.000       0.9225
 156.000       0.8042
 157.000       0.7924
 158.000       0.7047
 159.000       0.7197
 160.000       0.8178
 161.000       0.7783
 162.000       0.7335
 163.000       0.9119
 164.000       1.0789
 165.000       1.2198
 166.000       2.1828
 167.000       3.774

