#Res        AtomicFlx
   1.000       3.6217
   2.000       3.1345
   3.000       2.984
   4.000       2.2345
   5.000       1.78456
   6.000       1.23456
   7.000       1.789
   8.000       2.8937
   9.000       3.3226
  10.000       2.1916
  11.000       1.6914
  12.000       1.379
  13.000       1.3609
  14.000       1.4546
  15.000       1.2759
  16.000       1.0894
  17.000       0.9898
  18.000       0.916
  19.000       1.0114
  20.000       0.9386
  21.000       0.9456
  22.000       0.836
  23.000       0.7853
  24.000       0.688
  25.000       0.7381
  26.000       0.7882
  27.000       0.71
  28.000       0.771
  29.000       0.7421
  30.000       0.7726
  31.000       0.8594
  32.000       1.04
  33.000       1.2084
  34.000       1.2895
  35.000       1.122
  36.000       1.0868
  37.000       0.8648
  38.000       0.8443
  39.000       0.8034
  40.000       0.8798
  41.000       0.9589
  42.000       1.088
  43.000       1.1291
  44.000       1.2129
  45.000       0.9979
  46.000       0.6588
  47.000       0.5496
  48.000       0.4763
  49.000       0.5328
  50.000       0.632
  51.000       0.742
  52.000       1.2908
  53.000       2.0859
  54.000       2.1628
  55.000       1.4759
  56.000       1.3756
  57.000       1.6718
  58.000       2.0607
  59.000       1.5087
  60.000       1.0925
  61.000       1.0528
  62.000       1.1886
  63.000       1.0562
  64.000       0.8337
  65.000       0.8154
  66.000       0.8592
  67.000       0.8377
  68.000       0.7572
  69.000       0.8448
  70.000       1.0686
  71.000       1.2319
  72.000       1.4201
  73.000       1.4549
  74.000       1.5017
  75.000       1.3585
  76.000       1.2418
  77.000       0.9042
  78.000       0.6445
  79.000       0.5195
  80.000       0.5528
  81.000       0.5411
  82.000       0.6177
  83.000       0.7648
  84.000       0.8724
  85.000       0.9685
  86.000       0.9219
  87.000       1.0122
  88.000       0.9107
  89.000       0.9723
  90.000       0.8701
  91.000       0.8413
  92.000       1.1905
  93.000       1.312
  94.000       1.1278
  95.000       1.468
  96.000       1.8624
  97.000       1.6603
  98.000       1.4293
  99.000       1.0149
 100.000       0.9891
 101.000       0.8196
 102.000       0.5997
 103.000       0.5771
 104.000       0.5996
 105.000       0.6211
 106.000       0.6895
 107.000       0.7229
 108.000       0.8173
 109.000       0.9328
 110.000       0.9388
 111.000       0.8958
 112.000       0.7434
 113.000       0.6615
 114.000       0.751
 115.000       0.8332
 116.000       0.7778
 117.000       0.7671
 118.000       0.9381
 119.000       0.7695
 120.000       0.7963
 121.000       0.9205
 122.000       1.3361
 123.000       1.4011
 124.000       1.2685
 125.000       1.195
 126.000       0.9325
 127.000       0.8566
 128.000       0.7547
 129.000       0.7298
 130.000       0.6341
 131.000       0.5892
 132.000       0.5428
 133.000       0.5008
 134.000       0.5138
 135.000       0.62
 136.000       0.8232
 137.000       0.9145
 138.000       0.7002
 139.000       0.607
 140.000       0.6436
 141.000       0.6556
 142.000       0.6308
 143.000       0.788
 144.000       0.7995
 145.000       0.9778
 146.000       1.3186
 147.000       2.1272
 148.000       1.6857
 149.000       2.0236
 150.000       1.9049
 151.000       1.3963
 152.000       1.2212
 153.000       1.0891
 154.000       1.0304
 155.000       1.0894
 156.000       0.9963
 157.000       0.8514
 158.000       0.7318
 159.000       0.7655
 160.000       0.84
 161.000       0.7677
 162.000       0.7261
 163.000       0.8817
 164.000       0.9791
 165.000       1.0751
 166.000       1.4077
 167.000       2.6827

